Noname
0.147822543834623
0.159067857203167
0.168541508770396
0.174101627747158
0.175496845274342
0.180469973313909
0.191386763668042
0.193572666381632
0.20096699529265
0.205360665255653
0.212535074328948
0.221709446916699
0.222491366188492
0.235667708955279
0.238292243314961
0.261097351052947
0.277848307594012
0.291544219187282
0.312208353369983
0.325984434906025
0.345098571181073
0.365823071147141
0.388126059810602
0.414753245318871
0.439525080229792
0.474665357994064
0.505729270829266
0.531652854500698
0.561031757789622
0.59444732497064
0.626754886145989
0.667965405414753
0.71941036190195
0.76016768490669
0.805383453411345
0.859114465621324
0.909218360509473
0.964401648137253
1.00840055067739
1.046721082631
1.07338946092926
1.08952555051432
1.09832113236356
1.08187328066784
1.02228724098246
0.919910346399001
0.770974246274906
0.616822400116265
0.52609185158771
0.542398590671493
0.740735945976362
1.02563511275116
1.29605900058534
1.48431314657755
1.59456545122571
1.64223467563769
1.64792618207219
1.63804458529566
1.6227141893357
1.58737233558567
1.54827536948316
1.50365089516019
1.46296044905947
1.40652134527533
1.34468707677714
1.2852516343167
1.22714493966428
1.17058543098264
1.12059446022477
1.07587827696432
1.01642150663274
0.969481788519639
0.922103859349997
0.866252989923914
0.80914892634913
0.755501720342814
0.705661888896439
0.672296240605644
0.636855917797445
0.615830269690278
0.592990228549467
0.561323556522545
0.539024487686882
0.513286215124369
0.490659098785255
0.462412916399725
0.437953104020594
0.412071834609573
0.401521982279708
0.380283755759348
0.365885107154126
0.349908814227959
0.334830055428134
0.327518052346995
0.323722592431017
0.311777526077111
0.300028196987772
0.289727745595221
0.285626942927071
0.281874978820795
0.275347462207939
