Noname
0.00856675206318773
0.00860153879717158
0.00860836503711754
0.00860805708171381
0.0086072173443421
0.00860991562873081
0.00862401356083848
0.00863899611257941
0.00879764579622556
0.0088519072231591
0.00884578878634652
0.00881750874345373
0.00883868701256537
0.00889156002314212
0.00895359919528691
0.00906016529054674
0.00907516724574912
0.00913532835604108
0.00921660311944331
0.00932641618450987
0.00939986140091502
0.00945299856496764
0.00950117280277386
0.00956113468538499
0.00964275411131111
0.00981879586621722
0.00991673359151069
0.0100818930911761
0.0102367610051928
0.0104051815555069
0.010632522702201
0.0108239378304732
0.0109855430589469
0.0112207166540246
0.0113739459138081
0.0116886772874761
0.0119375006183339
0.0121115257027253
0.0123560285096658
0.012529641525505
0.0126726282886477
0.0127619117395583
0.0127641865846828
0.0126966684301432
0.0125452664750477
0.0123134392793289
0.0118563082206997
0.0112525718786804
0.0105596878901174
0.010357700608362
0.0108021510264967
0.0119077617593685
0.0131556032911628
0.0140095611472404
0.0145755131234798
0.0147376243490419
0.0146882497260497
0.014631723834998
0.0145265432958053
0.0143532947137141
0.014071189731867
0.0138218298661875
0.0135088999028331
0.0133421692486682
0.013120487218168
0.0128605909339584
0.0126171803182776
0.0122827924978575
0.0120789904283264
0.0118905265618042
0.0116316546826396
0.0114369863411284
0.0112515001314852
0.01108537089593
0.0108511934351744
0.01064697735083
0.0104811167786032
0.0103162473903187
0.0101634393173722
0.0100770872843719
0.00994842495353895
0.00981760264005281
0.0097594496806501
0.0096285698884564
0.00948207493870989
0.0094016058136202
0.00941260871194576
0.00929996203368108
0.00922582925036978
0.00921931101483784
0.00913852806926977
0.00903022831553104
0.00903543359190004
0.00894355841098851
0.00894855105504475
0.00896770589392725
0.00894641990709043
0.00892171847040319
0.00887231645959531
0.00884398307730788
0.0087775708957833
