Noname
-0.12259362577778
-0.120539828230679
-0.121483855723901
-0.114615306888116
-0.120076562651392
-0.119664773239313
-0.11114802448945
-0.112552646704805
-0.114729214399565
-0.109953554076174
-0.122449009979229
-0.112771043658135
-0.0981153385703485
-0.0987258199339101
-0.0854230444879331
-0.0829835202299586
-0.077295524305933
-0.055908933178393
-0.0468148786618733
-0.0333261809153815
-0.0208147626992855
-0.0177818464791423
0.00205219518780133
0.0182872452918492
0.0359225288195288
0.0583457070834082
0.0815520154301259
0.10055024793424
0.12967110635328
0.164331568475073
0.201210082085956
0.243542364007718
0.285690529372166
0.335765762208403
0.39080434741605
0.434330201076579
0.483609298431605
0.526326862360296
0.565729806764681
0.614977943734125
0.653841908958594
0.67037854085849
0.673794943188377
0.643557198297821
0.583847882533377
0.487209080894546
0.37360480346141
0.272336123565415
0.225043759800528
0.281723091379398
0.45898163746884
0.708759881927877
0.953957872695126
1.15287128901652
1.3057956457919
1.40321671061388
1.44491367694167
1.48951888335006
1.49270306576176
1.48776788444354
1.48098779847232
1.44912264193891
1.40641124467841
1.36313409550904
1.30402971251604
1.24944340561082
1.19015639988262
1.12085554186035
1.04520891874396
0.973085930941476
0.892752184402816
0.822535775048313
0.759813547367321
0.689669698636001
0.612645919966402
0.556138809494855
0.496257922373368
0.446757075036891
0.407315812831951
0.363964373536316
0.315883853465295
0.274960737179007
0.246242278504078
0.202453430436939
0.171861182714987
0.143326891792828
0.117816529938253
0.0867815496850591
0.0714344546731731
0.0576915826850584
0.0499999109111283
0.0382989556645448
0.0169209730531478
-0.00534962609406013
-0.0125948572063619
-0.0249289914213381
-0.0353436631848487
-0.0326174871835431
-0.0410994562128243
-0.0443036755533225
-0.0483508173541729
