Noname
0.00819373979954699
0.00820572395924197
0.00822150776631386
0.00817456131628934
0.00828035453572462
0.00827550991765734
0.00829819136388599
0.00838770655059403
0.00838455019540851
0.00838826152188265
0.00843681276435022
0.00849410527693208
0.00846736924390318
0.00849232708544265
0.00855220461331981
0.00854224304821102
0.00861691138923902
0.00865419784014535
0.00865170303758585
0.00874846573147165
0.00886948062798837
0.00895160180500257
0.00903971076764987
0.00913716253905932
0.00929940055580883
0.00942034856047239
0.00955066071121146
0.00972618884683465
0.00987204556578637
0.00997643672546573
0.0101872676828454
0.0103799349563621
0.0105409590376966
0.0107989709825389
0.01098366935909
0.0111349584462595
0.0113498320393637
0.0114617918007806
0.0115616669725052
0.011671177875857
0.0117415988133356
0.0117533746905835
0.0117771527279421
0.0116635344624129
0.011404225343277
0.0111068849562066
0.0106617077515898
0.010215935821803
0.00974565616456237
0.00958973478830194
0.0100122199561909
0.010932499427217
0.0120229690887701
0.0129544169342284
0.0137167291850923
0.0142146333974919
0.0144824825752617
0.0146383287080443
0.0145866712422129
0.0145099288731336
0.0143983586170379
0.0141873376946334
0.0140666322770541
0.0138222914562097
0.0135666936649489
0.0132950878462558
0.0130136078815035
0.0127446151993088
0.0125648786986616
0.0122650178483326
0.0119902662302288
0.0117207247171774
0.0115373095681884
0.011289641266124
0.0110749917824553
0.0109105071088582
0.0107039683108505
0.0105130256495874
0.0103010520168694
0.0101688752464989
0.0100455057226277
0.00985894910230576
0.00975516017295932
0.00969108079859537
0.00956938845427216
0.00946267239852441
0.00934842431619197
0.00920124398017313
0.00911900904775131
0.0090196736581248
0.00895213748743937
0.00892141830939943
0.00885118378941665
0.0087963249659618
0.00872540689165332
0.00869799426722624
0.00865476105311931
0.00863817925233357
0.00859775394601923
0.00856194254025028
0.00852097057402666
