Noname
0.18311920128874
0.188857854074614
0.188417192340762
0.195509191611427
0.194406278779732
0.19490650715305
0.202367939370776
0.206949634445796
0.206558253782036
0.220767218770478
0.213215507228855
0.217115117312783
0.226604200602412
0.230261514894133
0.240906294886541
0.241211835574592
0.245614820693229
0.266046861610555
0.276096805727004
0.304244256572218
0.313296888644504
0.326663459060054
0.343399463946578
0.354725904074168
0.369181154292825
0.39312343867873
0.42041365280638
0.44360888619466
0.476995897255849
0.518908674148387
0.549042636897529
0.587106301037707
0.626171085231743
0.682278520699705
0.732973985235018
0.774943137573913
0.820936149271777
0.860091883543432
0.899605125518999
0.943126812555328
0.97126671296333
0.986749610773388
0.980469921761302
0.940182455396589
0.87066570390994
0.753137176428283
0.61138059486557
0.472171660659948
0.376889006515801
0.39149893749937
0.566999246786011
0.83681623391303
1.10107493919159
1.30142625400395
1.43271897536818
1.49282618052201
1.49458788785122
1.50188157344147
1.49620108606609
1.48739986149351
1.48352956199068
1.44170404530905
1.40390871270952
1.36699864964237
1.32103313575015
1.28089386095731
1.22873543893173
1.17859201902909
1.12366825276248
1.07002427115361
1.02196028951121
0.970342557009673
0.920418337254596
0.874057866792702
0.815687047108703
0.771719146729532
0.729879170003557
0.693836425079673
0.662475387726087
0.628076395935226
0.596231760169229
0.568524499199993
0.544711050397425
0.515732222662401
0.492335608283143
0.467431528232122
0.448066812931527
0.423976432353288
0.41662219810815
0.40288499553722
0.395431628131158
0.387620416516281
0.363197589975528
0.337062974760383
0.328677482595193
0.315229723073893
0.309697034460719
0.313760390036556
0.298595697635803
0.294328015744058
0.284603772196596
