Noname
0.00825398588983519
0.008294659910812
0.00828365459312629
0.00834465236653855
0.00842895047512409
0.00841651998237199
0.00845394810427663
0.00848025231519934
0.00844543394436796
0.00848685570456419
0.00849977479284905
0.00852818656902286
0.00855029562052685
0.00849518284723604
0.00857569015884778
0.00861770301342455
0.00866999486481535
0.00873671937649098
0.00879496285830538
0.00894026459813348
0.00902716162472305
0.00908607288116269
0.00913493719531912
0.00920397229128787
0.00927523994777274
0.00935460120720717
0.00943281935015033
0.00957620410806764
0.00965012472798105
0.00974790026629052
0.00993371239853705
0.0101141293936688
0.010229589156513
0.0103628208610863
0.0104797072693301
0.010629549855876
0.0108297455889954
0.0109921866362331
0.0111359263101972
0.0112011483974334
0.0113104245273331
0.0113174580156959
0.0113374326828904
0.0112989383804819
0.0111900168455191
0.0110145851807256
0.0107259019164714
0.0103041280292066
0.00979215255516138
0.00954958960700215
0.00979255733870256
0.010462886441852
0.0113119117313817
0.0120263359053547
0.0125420181538449
0.012823922861757
0.0129003822575766
0.0129425444626565
0.0128493810215767
0.0127341254803812
0.0126083630137067
0.0124458786900411
0.0123245650936117
0.0121574165113908
0.011937203247452
0.0117380504874509
0.0115752495919489
0.0114221697055691
0.01128767779611
0.0111631265452435
0.0109424896490378
0.0107547962439163
0.0106376421570818
0.0104201034254648
0.0103195270703117
0.0102104116958189
0.0100470039766045
0.00995618298104635
0.00985046674613595
0.00973331428258897
0.00968464888402073
0.00956004955600457
0.00943821884487539
0.00937448073843403
0.00930400260942751
0.0092264871383046
0.00920176990907772
0.00910629038515757
0.00906704299976424
0.00899798757933613
0.00897207896997097
0.00895207654593754
0.00889076004004253
0.008861051739185
0.00888448865602616
0.00882028028462505
0.00875410681554875
0.00871558433457655
0.00876121998456202
0.00870912758832099
0.0086932851549617
