Noname
-0.097263228659663
-0.0836354617176216
-0.0792807052644684
-0.0792072502286384
-0.0776152335460992
-0.0699976876103104
-0.0476977739154539
-0.0342212848706013
-0.0221607755788558
-0.0234862958245626
-0.0132392304681827
-0.0042382385473973
0.00813000420529235
0.0301792809345514
0.0413741425347192
0.0510697840513189
0.0704574194754656
0.0890039921544548
0.114196978734723
0.130897693289512
0.146941254166496
0.162180398225842
0.196678211667246
0.226918851280863
0.254827983355493
0.293176599595993
0.332434422471058
0.381509763337883
0.430438589570798
0.477609431622121
0.514940535702679
0.5625318988077
0.614670588701584
0.675877190700438
0.749634748382961
0.816064349109071
0.881278677511908
0.951148589450274
1.01911245673034
1.08001086473966
1.12604885941934
1.16404350095783
1.17828981908366
1.16393361587408
1.1153187487213
1.01105776468378
0.867849199340945
0.709925230295762
0.611043444717874
0.661800037795664
0.91255659634429
1.29911490915284
1.65206447784263
1.89195485282897
2.02636735232265
2.07314176972904
2.04615967961201
2.00902305330959
1.96556498550379
1.91647374380451
1.85308760558803
1.78749987223503
1.70663074711518
1.62213965774953
1.52883262625195
1.43849486328177
1.34896034294391
1.26984131533101
1.18398856078188
1.10429422067847
1.02895323501321
0.95511362466162
0.889890355118629
0.825581101920848
0.768444464761633
0.703706683820552
0.649474260653726
0.590447410941811
0.543489257783736
0.49322027048714
0.450884855759558
0.413154693910118
0.382598899614507
0.346625774204039
0.320933135559747
0.301128705566102
0.281242284283152
0.250422464848562
0.229639754519211
0.207928503922241
0.173765768847957
0.156974469002758
0.135594968939796
0.126089494353205
0.116513893665991
0.102742361957004
0.0774211421900823
0.0621581910009314
0.0523513752130643
0.0426815731270073
0.0343457826788197
