Noname
0.00939103377415718
0.00950183458979185
0.00953053109311696
0.009617647127189
0.00959099680763379
0.0096123097195689
0.00958932358864468
0.00967646388558409
0.00973768235771025
0.00970078082645795
0.00970768074716753
0.00973413639822157
0.00974063011702388
0.00981735339731182
0.00986371602509227
0.00998007404671807
0.010098828900407
0.0101284530553553
0.0102250758536427
0.0103724346674457
0.010442128005559
0.0105504925824739
0.0107031619843096
0.0108252777690707
0.0109611432991457
0.0111031646325391
0.0112814812464093
0.0114880306143956
0.0116871585684999
0.0118354822800411
0.0120602655611246
0.0123155707252316
0.0125547083236298
0.0128080362381893
0.0130969041238265
0.0133153756294241
0.0135988260541598
0.0139500998839372
0.0141512601203737
0.0143754182641964
0.0145457867683459
0.0146292603313853
0.0146556774500064
0.0147237456498007
0.0146652482792546
0.0143761328411141
0.0139212084013019
0.0132913591287697
0.0125864262618026
0.0124278405128716
0.0130211558741103
0.0143228199299373
0.0157072608630439
0.0166876816201391
0.0172544572231939
0.0173913194471041
0.0173018328361914
0.0171798082256663
0.0170862509040755
0.0168501878855115
0.0165913840378524
0.0162498303368903
0.0159400270162968
0.0156481282062089
0.0153557232040135
0.0150477736084771
0.0147701565525903
0.0145075016132901
0.0142266637848301
0.0139722441079159
0.0137063218761638
0.013386050911051
0.0131584774021971
0.0129157898484418
0.0126694423451665
0.0124727888046954
0.0122606413117094
0.0120647412181065
0.0118668663429146
0.0117077510306038
0.0115904090426079
0.0113976185094014
0.0112542433320968
0.0110807322138346
0.0109611944155088
0.0109082064158377
0.0107726600458787
0.0107555155262489
0.0106600518149559
0.0105526890232921
0.0105199113757913
0.0103776778171143
0.0103169923919757
0.0102630215013562
0.010124943567292
0.0100975379250723
0.0100653582730269
0.0100099146121923
0.00997935691482529
0.00997537437963484
0.00997207566293848
