Noname
-0.0613473639739835
-0.0556882232790347
-0.0457260789501171
-0.0394555855057979
-0.0372322312908953
-0.0385953274984398
-0.0359214707621686
-0.0308227656562092
-0.0233064364592259
-0.0180644641523204
-0.00781470547177221
-0.00474978968712964
-0.00326478168389112
0.00953156905193488
0.00907893450847974
0.018755840783581
0.0332020243255469
0.0500347050234781
0.0733266060965415
0.0942023287006733
0.114317591439089
0.129703670827529
0.144870479224669
0.169406518401958
0.196650320657439
0.235880452738054
0.276918423251195
0.306526305916216
0.341020477995211
0.381131745796735
0.429323454504728
0.481751998552097
0.537560444559173
0.592228869866416
0.639528469961478
0.699697458007016
0.755973973845698
0.816957283560319
0.876785850943743
0.930332213131611
0.971142138752124
0.999825800647137
1.01213049441964
0.999263568578774
0.954300557753755
0.878034178786146
0.767590266259349
0.674915654753772
0.639545416393667
0.71170777778153
0.915567404685271
1.1929539491969
1.45436948780427
1.66117189246901
1.81701541254418
1.90466214345232
1.95082442022878
1.97225503018186
1.9708640440542
1.94399952941833
1.90902606798624
1.87475429711741
1.82412410968852
1.76327237081781
1.68536893110808
1.61146135156747
1.53028757083009
1.44704359490225
1.36748780297877
1.28593726091108
1.19579409206969
1.11134476346642
1.03412246048329
0.957558580568832
0.870480549496333
0.796175714489227
0.717373132637026
0.657333054404033
0.599913506079876
0.553285368935584
0.511888504186226
0.450260354303261
0.403328358440848
0.366538632686785
0.330282165165087
0.293703363701072
0.26743849305054
0.236950615958302
0.211979526012909
0.189577155587739
0.164064520620317
0.143458305776617
0.12560715866885
0.109684896769515
0.0910760202531661
0.0748703194545977
0.0634102969080124
0.0524339612210374
0.0461135334908357
0.0373935520112387
0.0269596404159649
