Noname
0.00852472364058933
0.00856652405696757
0.00859921709080208
0.00858108625457177
0.00866005647803289
0.00870071972228253
0.00876476939057781
0.00881951234339117
0.00889590486811903
0.00892133291900288
0.00894871569702295
0.00897516374296464
0.00899067617268965
0.00903801458196048
0.00909502199825355
0.00921902104744157
0.00924803876110814
0.00932203030948702
0.00935693205862819
0.00947040014195693
0.00959074000195366
0.009623978344881
0.00977776813527018
0.00995415822758114
0.0101056337439383
0.0102525836148269
0.0104488179320799
0.0106385596931194
0.0108965073941682
0.0111621867502614
0.0113512384952064
0.011553021061835
0.0117818130160314
0.012045976062318
0.0122827551596482
0.0125531265534555
0.0127779466596641
0.0129915293677289
0.0131942137594782
0.0132819982985135
0.01335837955246
0.0134023572968729
0.0133673342082071
0.0131689836701563
0.0127925650566382
0.0123558127881275
0.0118003610668881
0.0112061247053755
0.0106765704999011
0.0106673102118372
0.0113909314168452
0.0125469307594881
0.0139347928532623
0.0150512478047987
0.0158896809679881
0.0164184725948765
0.016728685928652
0.0168556228667819
0.0168978645576698
0.0167849772881721
0.0166051134468861
0.0164060051645714
0.0161791728185977
0.0159037044135265
0.0156557979209129
0.0153637540188548
0.015062535557283
0.0146869374073061
0.0144016129617193
0.0141175621561282
0.0137270003623377
0.0134886288637882
0.0132146179155463
0.0129675662630431
0.012664363011968
0.0123309081778887
0.0120879046434048
0.0118387028074618
0.011638757155564
0.0114392768408046
0.0112490710902857
0.0110268168980887
0.0108712582289311
0.0107173628773114
0.0105380249873014
0.0104277992355785
0.0102573821828993
0.01012433015345
0.00995294299698085
0.00988529164964998
0.00981106686191406
0.00969093825229656
0.00955987382373241
0.00951355306663545
0.00945948309030577
0.00934223407211935
0.00931439675623901
0.00922617561672408
0.00919024410976582
0.00914920733119068
0.00907281354682303
