Noname
0.026388594446895
0.0247639154095988
0.0231275901492403
0.0243811013125783
0.0192086871815549
0.0239896887399743
0.0277541225197892
0.0344934094760709
0.0404279251956878
0.0453640652674162
0.0543984036044384
0.0518101442196499
0.0511102715487034
0.0606715964718999
0.0598738176866802
0.076434466844138
0.0859675212093918
0.094651156312983
0.115324670836579
0.127524759810786
0.141315785561218
0.143491428302802
0.162389255866219
0.180387238998143
0.203042535926082
0.232945072576381
0.260925779120711
0.296271865223213
0.332027247346489
0.363430290162578
0.395515040192127
0.435933565273064
0.482201749797982
0.525084813746152
0.571497133334447
0.624039559842996
0.673172012574949
0.737157715323948
0.78231358515758
0.83142370758532
0.881722731324836
0.914992198062342
0.934799653957769
0.930565188324359
0.893746736056329
0.822248555000241
0.735461554451732
0.658253581686328
0.617827917177261
0.665952353338328
0.812174346442319
1.02674100946062
1.23096292128566
1.39566724524708
1.50832886216179
1.57152335092974
1.59076493793778
1.60006193169453
1.59519872672079
1.58282712225552
1.56147938808438
1.53562462459319
1.48949210844712
1.43509365146708
1.3697097004061
1.30709342359033
1.23637841617108
1.16912837447161
1.09538672876195
1.02238995362251
0.954282116424423
0.881479062155698
0.808215791877942
0.74509669597457
0.679325915020969
0.616350846411494
0.566967197848316
0.514297742280658
0.474836745436945
0.437544194577409
0.39333976604796
0.355105285778608
0.317015092965635
0.282844551625194
0.254163904564755
0.230227637371156
0.212266514915582
0.196567522224967
0.177378660758716
0.16618228192312
0.1519750804603
0.138479034050388
0.136285959492159
0.131391293584532
0.114959601398373
0.100080511243487
0.0802116011282937
0.0710043421814751
0.0680889976093865
0.0549852975107592
0.0510308607542077
