Noname
0.00755547988800124
0.00759489956316092
0.00760791655123031
0.00767894562629302
0.00764151639293835
0.00763320554188473
0.0076266958598206
0.00765535804381563
0.00776523864189896
0.00775198354591993
0.00778144604833296
0.00782444705146492
0.00782311826214602
0.00788470703609886
0.00792301311579552
0.0079439855776129
0.00799449591322977
0.00805408249176703
0.00811510853807467
0.00818615584540705
0.00821273447214841
0.00834861999453116
0.00838142099684379
0.00845567344534636
0.00855191662011294
0.00871886323836848
0.00882323599849507
0.00902636330569388
0.00917969661937281
0.00935753805590916
0.00952714752760679
0.00965120968702861
0.00980507078214353
0.0100130915539645
0.0102694273589094
0.0103743455867343
0.010564563018873
0.0107483055224845
0.0109044524293235
0.0110360203800388
0.0110709056346004
0.0110619553304752
0.0109932014562583
0.0109187108642437
0.0107155723883822
0.0104164951895589
0.0100160515155793
0.00957179364086577
0.00910220379289004
0.00905540752648758
0.00944326398718495
0.0102731424372696
0.0112337726477409
0.0119843820910776
0.0125250179659285
0.0129482296522691
0.0131487570581929
0.0132138560484111
0.0133020219469629
0.0131931327507542
0.013038029201
0.0128685009165694
0.0126787870699369
0.0125115196932675
0.0123288522583858
0.0120543578961786
0.0118287707929677
0.0115792463178953
0.0112975641650637
0.0111346704565213
0.0109586736730095
0.0107479321828276
0.0105613609491061
0.0103222715636598
0.0101278011709252
0.00990670641917965
0.00973145607807381
0.00956751828920726
0.00943279190028248
0.00919319436602324
0.00906398833872087
0.00890235634377511
0.00876926205702914
0.00869624191403
0.00858002287009844
0.00854584933858704
0.00845410458214589
0.00841752757650389
0.00836794027455444
0.00831203502311897
0.0082073742886183
0.0080683014974368
0.00799255968588002
0.00796868351093962
0.00791441638529187
0.00792811186232652
0.00787230230223985
0.00783499031082838
0.00778444300587797
0.00769846728263095
0.00772988667766465
